alsa_card.pci-0000:00:1b.0:output:iec958-stereo-output mute:1 volumes:2,1.000000,1.000000
alsa_card.pci-0000:00:1b.0:output:analog-output-lineout mute:0 volumes:2,0.794327,0.794327
alsa_card.pci-0000:00:1b.0:input:analog-input-rear-mic mute:0 volumes:2,0.316254,0.316254
